'temperature points' 8 0. 25. 60. 100. 150. 200. 250. 300.
'H2O' 3.0 0.0 18.0153
'Ac-' 2.00 -1.00     59.050
'N2(aq)' 0.00  0.00     28.013
'Ag+' 2.5 1.0 107.8682
'Al+++' 9.0 3.0 26.9815
'Am+++' 5.0 3.0 243.0000
'Ar(aq)' 3.0 0.0 39.9480
'Au+' 4.0 1.0 196.9665
'B(OH)3(aq)' 3.0 0.0 61.8330
'Ba++' 5.0 2.0 137.3270
'Be++' 8.0 2.0 9.0122
'Br-' 3.0 -1.0 79.9040
'Ca++' 6.0 2.0 40.0780
'Cd++' 5.0 2.0 112.4110
'Ce+++' 9.0 3.0 140.1150
'Cl-' 3.0 -1.0 35.4527
'ClO4-' 3.5 -1.0 99.4503
'Co++' 6.0 2.0 58.9332
'CO2(aq)*' 3.0 0.0 44.0098
'CrO4--' 4.0 -2.0 115.9937
'Cs+' 2.5 1.0 132.9054
'Cu++' 6.0 2.0 63.5460
'Dy+++' 5.0 3.0 162.5000
'Er+++' 5.0 3.0 167.2600
'Eu+++' 5.0 3.0 151.9650
'F-' 3.5 -1.0 18.9984
'Fe++' 6.0 2.0 55.8470
'Fe+++' 9.0 3.0 55.8470
'Fe+++(gt)' 9.0 3.0 55.8470
'Fe+++(fh)' 9.0 3.0 55.8470
'Ga+++' 5.0 3.0 69.7230
'Gd+++' 5.0 3.0 157.2500
'H+' 9.0 1.0 1.0079
'H2(aq)' 3.0 0.0 2.0159
'HAsO4--' 4.0 -2.0 139.9277
'H2AsO3-' 4.0 -1.0 124.9362
'HCO3-' 4.0 -1.0 61.0171
'HPO4--' 4.0 -2.0 95.9793
'He(aq)' 3.0 0.0 4.0026
'Hf++++' 11.0 4.0 178.4900
'Hg++' 5.0 2.0 200.5900
'Ho+++' 5.0 3.0 164.9303
'HS-' 3.5 -1.0 33.0739
'I-' 3.0 -1.0 126.9045
'In+++' 9.0 3.0 114.8200
'K+' 3.0 1.0 39.0983
'Kr(aq)' 3.0 0.0 83.8000
'La+++' 9.0 3.0 138.9055
'Lactate-' 4.5 -1.0 90.08
'Li+' 6.0 1.0 6.9410
'Lu+++' 5.0 3.0 174.9670
'Mg++' 8.0 2.0 24.3050
'Mn++' 6.0 2.0 54.9380
'MoO4--' 4.5 -2.0 159.9376
'NH3(aq)' 3.0 0.0 17.0306
'Na+' 4.0 1.0 22.9898
'Nd+++' 9.0 3.0 144.2400
'Ne(aq)' 3.0 0.0 20.1797
'Ni++' 6.0 2.0 58.6900
'NO3-' 3.0 -1.0 62.0049
'NO2-' 3.0 -1.0 46.0055
'Np++++' 5.5 4.0 237.0480
'Pb++' 4.5 2.0 207.2000
'Pd++' 4.5 2.0 106.4200
'Pm+++' 5.0 3.0 147.0000
'Pr+++' 9.0 3.0 140.9076
'Pu++++' 5.5 4.0 244.0000
'Ra++' 5.0 2.0 226.0250
'Rb+' 2.5 1.0 85.4678
'ReO4-' 4.0 -1.0 250.2046
'Rn(aq)' 3.0 0.0 222.0000
'RuO4--' 4.0 -2.0 165.0676
'SO4--' 4.0 -2.0 96.0636
'Sb(OH)3(aq)' 3.0 0.0 172.7720
'Sc+++' 9.0 3.0 44.9559
'SeO3--' 4.0 -2.0 126.9582
'SiO2(aq)' 3.0 0.0 60.0843
'Sm+++' 9.0 3.0 150.3600
'Sn++' 6.0 2.0 118.7100
'Sr++' 5.0 2.0 87.6200
'90Sr++' 5.0 2.0 87.6200
'Tb+++' 5.0 3.0 158.9253
'TcO4-' 4.0 -1.0 161.9976
'Th++++' 11.0 4.0 232.0381
'Ti(OH)4(aq)' 3.0 0.0 115.9094
'Tl+' 2.5 1.0 204.3833
'Tm+++' 5.0 3.0 168.9342
'UO2++' 4.5 2.0 270.0277
'VO++' 4.5 2.0 66.9409
'WO4--' 5.0 -2.0 247.8476
'Xe(aq)' 3.0 0.0 131.2900
'Y+++' 9.0 3.0 88.9059
'Yb+++' 5.0 3.0 173.0400
'Zn++' 6.0 2.0 65.3900
'Zr(OH)2++' 4.5 2.0 125.2387
'O2(g)' 3.0 0.0 31.9988
'O2(aq)' 3.0 0.0 31.99880
'Tracer_Age' 0.0 0. 0.
'Water_Age' 3.0 0. 0.
'Acetate-' 4.5 -1.0 59.0446
'Ethanol(aq)' 3.0 0.0 46.0690
'Citrate---' 4.5 -3.0 189.1013
'EDTA----' 4.0 -4.0 288.2134
'NTA---' 3.0 -3.0 188.117 'pcl-valocchi'
'Colloid-goe' 3.0 0.0 1.34588e9 'pcl-goethite colloid'
'Colloid-beid' 3.0 0.0 8.9246e8 'pcl-beidelite colloid'
'PCE' 0. 0. 0.
'B1-' 0.0 0. 0. 
'Tracer' 0.0 0. 0.
'Tracer1' 0.0 0. 0.
'Tracer2' 0.0 0. 0.
'Tracer3' 0.0 0. 0.
'Tracer4' 0.0 0. 0.
'Tracer5' 0.0 0. 0.
'Tracer6' 0.0 0. 0.
'Tracer7' 0.0 0. 0.
'Tracer8' 0.0 0. 0.
'Tracer9' 0.0 0. 0.
'Tracer10' 0.0 0. 0.
'A(aq)' 0. 0. 0.
'B(aq)' 0. 0. 0.
'C(aq)' 0. 0. 0.
'D(aq)' 0. 0. 0.
'E(aq)' 0. 0. 0.
'A+' 0. 1. 0.
'B+' 0. 1. 0.
'C-' 0. -1. 0.
'OxL1-' 3.0 -1.0 189.1013   # use MW  for EDTA; carboxylate-type ligand  
'RedL1-' 3.0 -1.0 189.1013  # phenolic-type ligand
'null' 0 0 0
#'HB1' 2 1.0000  'H+'    1.0000  'B1-' 500.0000    -10.8	-10.8	-10.8	-10.8	-10.8	-10.8	-10.8	0.0 	0.00	0.0
'HB1' 2 1.0000  'H+'    1.0000  'B1-' 500.0000    -14.		-14.	-14.	-14.	-14.	-14.	-14.	0.0 	0.00	0.0
#'HB1' 2 1.0000  'H+'    1.0000  'B1-' 500.0000    -9.8	-9.8	-9.8	-9.8	-9.8	-9.8	-9.8	0.0 	0.00	0.0
#'HB1' 2 1.0000  'H+'    1.0000  'B1-' 500.0000    -9.8	-9.8	-9.8	-9.8	-9.8	-9.8	-9.8	0.0 	0.00	0.0
'HOxL1' 2   1.0000  'H+'    1.0000  'OxL1-' 500.0000    -4.7600	-4.8104	-4.9390	-5.1810	-5.5200	-5.9900	-6.6600	3.50	0.00	60.058
#'Fe3OxL1' 2   1.0000  'Fe+++'    1.0000  'OxL1-' 500.0000    500.000	-8.10000   500.000	500.000	500.000	500.000	500.000	3.50	0.00	60.058
'HRedL1' 2   1.0000  'H+'    1.0000  'RedL1-' 500.0000    -7.800	-7.800	-7.800	-7.800	-7.800	-7.800	-7.800	3.50	0.00	60.058
'HAc'	2	1.0000	'H+'	1.0000	'Ac-'	500.0000	-4.7600	-4.8104	-4.9390	-5.1810	-5.5200	-5.9900	-6.6600	3.50	0.00	60.058	  		
'AgAc'	2	1.0000	'Ag+'	1.0000	'Ac-'	500.0000	-0.7300	-0.7214	-0.8600	-1.1000	-1.4300	-1.8400	-2.4000	3.50	0.00	166.920	  		
'AlAc+2'	2	1.0000	'Al+++'	1.0000	'Ac-'	500.0000	-2.7500	-3.2022	-3.8100	-4.6600	-5.5700	-6.5400	-7.6200	4.28	2.00	86.031	  		
'AlAc2+'	2	1.0000	'Al+++'	2.0000	'Ac-'	500.0000	-4.6000	-5.4349	-6.5700	-8.1500	-9.8500	-11.7000	-13.8000	4.12	1.00	145.082	  		
'BaAc+'	2	1.0000	'Ba+2'	1.0000	'Ac-'	500.0000	-0.9900	-1.2050	-1.5900	-2.1600	-2.8000	-3.5300	-4.4200	4.12	1.00	196.390	  		
'CaAc+'	2	1.0000	'Ca++'	1.0000	'Ac-'	500.0000	-0.9300	-1.0822	-1.3500	-1.8400	-2.4300	-3.1200	-3.9800	4.12	1.00	99.130	  		
'CaAc2'	2	2.0000	'Ac-'	1.0000	'Ca++'	500.0000	-1.9000	-2.1603	-2.4000	-2.8000	-3.3000	0.0000	0.0000	3.50	0.00	158.180	  		
'CoAc+'	2	1.0000	'Co+2'	1.0000	'Ac-'	500.0000	-1.4600	-1.3969	-1.5200	-1.8200	-2.2600	-2.8200	-3.5400	4.12	1.00	117.983	  		
'CoAc2'	2	1.0000	'Co+2'	2.0000	'Ac-'	500.0000	-2.3700	-2.1564	-2.3600	-2.9700	-3.8500	-4.9800	-6.4600	3.50	0.00	177.033	  		
'CuAc'	2	1.0000	'Cu+'	1.0000	'Ac-'	500.0000	-0.3300	-0.3173	-0.4600	-0.7400	-1.1100	-1.5600	-2.1800	3.50	0.00	122.590	  		
'CuAc+'	6	1.1250	'H+'	0.1250	'SO4-2'	1.0000	'Cu+'	-0.5000	'H2O'	-0.1250	'HS-'	1.0000	'Ac-'	500.0000	-3.7110	-2.9007	-2.3570	-1.9820	-1.8620	-1.9420	-2.2240	4.12	1.00	122.590	  		
'CuAc+'	5	1.0000	'H+'	1.0000	'Cu+'	-0.5000	'H2O'	0.2500	'O2	aq.'	1.0000	'Ac-'	500.0000	-21.0000	-18.1712	-15.7360	-13.4550	-11.7880	-10.5700	-9.7250	4.12	1.00	122.590		
  	'CuAc2'	6	1.1250	'H+'	0.1250	'SO4-2'	1.0000	'Cu+'	-0.5000	'H2O'	-0.1250	'HS-'	2.0000	'Ac-'	500.0000	-5.1110	-4.1388	-3.6770	-3.6120	-3.9520	-4.6220	-5.6740	3.50	0.00	181.640	  		
'CuAc2'	5	1.0000	'H+'	1.0000	'Cu+'	-0.5000	'H2O'	0.2500	'O2	aq.'	2.0000	'Ac-'	500.0000	-22.4000	-19.4093	-17.0560	-15.0850	-13.8780	-13.2500	-13.1750	3.50	0.00	181.640		
  	'FeAc+'	2	1.0000	'Fe++'	1.0000	'Ac-'	500.0000	-1.2900	-1.3117	-1.5170	-1.8940	-2.3820	-2.9840	-3.7540	4.12	1.00	114.897	  		
'FeAc2'	2	1.0000	'Fe++'	2.0000	'Ac-'	500.0000	-2.4850	-2.3027	-2.5420	-3.1490	-4.0250	-5.1580	-6.6490	3.50	0.00	173.947	  		
'KAc'	2	1.0000	'K+'	1.0000	'Ac-'	500.0000	0.2600	0.1244	-0.1300	-0.4800	-0.8800	-1.3400	-1.9300	3.50	0.00	98.152	  		
'MgAc'	2	1.0000	'Mg++'	1.0000	'Ac-'	500.0000	-1.2800	-1.2172	-1.3500	-1.6700	-2.1000	-2.6500	-3.3700	4.12	1.00	83.362	  		
'MnAc+'	2	1.0000	'Mn+2'	1.0000	'Ac-'	500.0000	-1.2200	-1.3000	-1.5000	-1.9200	-2.4700	-3.1200	-3.9300	4.12	1.00	113.988	  		
'MnAc2'	2	1.0000	'Mn+2'	2.0000	'Ac-'	500.0000	-2.0600	-2.0567	-2.4900	-3.3400	-4.4400	-5.7500	-7.4000	3.50	0.00	173.038	  		
'NaAc'	2	1.0000	'Na+'	1.0000	'Ac-'	500.0000	0.1000	0.0464	-0.1400	-0.4400	-0.8100	-1.2500	-1.8400	3.50	0.00	82.040	  		
'NH4Ac'	2	1.0000	'NH4+'	1.0000	'Ac-'	500.0000	-0.2100	-0.3332	-0.6000	-1.0000	-1.4600	-1.9900	-2.6500	3.50	0.00	77.089	  		
'NiAc+'	2	1.0000	'Ni+2'	1.0000	'Ac-'	500.0000	-1.4300	-1.3263	-1.4100	-1.6700	-2.0500	-2.5600	-3.2400	4.12	1.00	117.743	  		
'NiAc2'	2	1.0000	'Ni+2'	2.0000	'Ac-'	500.0000	-2.3200	-2.0289	-2.1400	-2.6100	-3.3800	-4.3900	-5.7700	3.50	0.00	176.793	  		
'PbAc+'	2	1.0000	'Pb+2'	1.0000	'Ac-'	500.0000	-2.4000	-2.4820	-2.7400	-3.1700	-3.7000	-4.3300	-5.1400	4.12	1.00	266.240	  		
'PbAc2'	2	1.0000	'Pb+2'	2.0000	'Ac-'	500.0000	-3.4000	-3.7663	-4.4800	-5.5300	-6.7300	-8.0800	-9.7100	3.50	0.00	325.290	  		
'PbAc3-'	2	1.0000	'Pb+2'	3.0000	'Ac-'	500.0000	-3.7200	-3.6589	-3.6600	-3.7700	-4.0200	0.0000	0.0000	3.72	-1.00	384.340	  		
'SrAc+'	2	1.0000	'Sr+2'	1.0000	'Ac-'	500.0000	-1.1500	-1.2743	-1.5700	-2.0400	-2.6000	-3.2600	-4.0700	4.12	1.00	146.670	  		
'UAc+2'	6	0.6250	'H+'	0.3750	'HS-'	1.0000	'UO2+2'	-0.5000	'H2O'	-0.3750	'SO4-2'	1.0000	'Ac-'	500.0000	10.5040	9.5991	8.5000	7.1570	5.8590	4.5950	3.3270	4.28	2.00	297.081	  		
'UAc+2'	5	1.0000	'H+'	-0.7500	'O2	aq.'	1.0000	'UO2+2'	-0.5000	'H2O'	1.0000	'Ac-'	500.0000	62.3730	55.4116	48.6360	41.5770	35.6350	30.4800	25.8290	4.28	2.00	297.080		
  	'UAc2+'	6	0.6250	'H+'	0.3750	'HS-'	1.0000	'UO2+2'	-0.5000	'H2O'	-0.3750	'SO4-2'	2.0000	'Ac-'	500.0000	8.1580	7.2816	5.8660	3.8750	1.7430	-0.5060	-2.9450	4.12	1.00	356.131	  		
'UAc2+'	5	1.0000	'H+'	-0.7500	'O2	aq.'	1.0000	'UO2+2'	-0.5000	'H2O'	2.0000	'Ac-'	500.0000	60.0270	53.0940	46.0020	38.2950	31.5190	25.3790	19.5570	4.12	1.00	356.130		
  	'UAc3'	6	0.6250	'H+'	0.3750	'HS-'	1.0000	'UO2+2'	-0.5000	'H2O'	-0.3750	'SO4-2'	3.0000	'Ac-'	500.0000	6.5900	5.7815	4.0390	1.3550	-1.6750	-4.9770	-8.6570	3.50	0.00	415.181	  		
'UAc3'	5	1.0000	'H+'	-0.7500	'O2	aq.'	1.0000	'UO2+2'	-0.5000	'H2O'	3.0000	'Ac-'	500.0000	58.4580	51.5940	44.1750	35.7750	28.1010	20.9070	13.8450	3.50	0.00	415.180		
  	'UO2Ac+'	2	1.0000	'UO2+2'	1.0000	'Ac-'	500.0000	-3.0420	-2.8633	-2.9410	-3.2530	-3.7390	-4.3780	-5.2100	4.12	1.00	329.080	  		
'UO2Ac2'	2	1.0000	'UO2+2'	2.0000	'Ac-'	500.0000	-5.5860	-5.1617	-5.3180	-5.9870	-7.0310	-8.3910	-10.1420	3.50	0.00	388.130	  		
'UO2Ac3-'	2	1.0000	'UO2+2'	3.0000	'Ac-'	500.0000	-7.2640	-6.4893	-6.6470	-7.6440	-9.2090	-11.1910	-13.6110	3.72	-1.00	447.180	  		
'ZnAc+'	2	1.0000	'Zn+2'	1.0000	'Ac-'	500.0000	-1.6050	-1.8686	-2.2940	-2.8930	-3.5600	-4.3130	-5.2160	4.12	1.00	124.420	  		
'ZnAc2'	2	1.0000	'Zn+2'	2.0000	'Ac-'	500.0000	-3.4520	-3.4477	-3.8590	-4.6460	-5.6700	-6.9280	-8.5270	3.50	0.00	183.470	  		
'ZnAc3-'	2	1.0000	'Zn+2'	3.0000	'Ac-'	500.0000	-4.2000	-3.8365	-4.1430	-5.0500	-6.3480	-7.9650	-9.9690	3.72	-1.00	242.520	  		
'HOxal-'	2	1.0000	'H+'	1.0000	'Oxal='	500.0000	-4.2800	-4.4761	-4.7900	-5.2600	-5.8100	0.0000	0.0000	3.72	-1.00	89.028	  		
'H2Oxal'	2	2.0000	'H+'	1.0000	'Oxal='	500.0000	-5.5500	-5.8769	-6.3700	-7.1000	-7.9700	0.0000	0.0000	3.50	0.00	90.036	  		
'AlOxal+'	2	1.0000	'Al+++'	1.0000	'Oxal='	500.0000	-5.1900	-5.7314	-6.3500	-7.1500	-7.9000	0.0000	0.0000	4.12	1.00	115.001	  		
'AlOxal2-'	2	1.0000	'Al+++'	2.0000	'Oxal='	500.0000	-11.0000	-11.0000	-11.0000	-11.0000	-11.0000	0.0000	0.0000	3.72	-1.00	203.022	  		
'AlOx3-3'	2	1.0000	'Al+++'	3.0000	'Oxal='	500.0000	-15.0000	-15.8772	-17.0000	-18.3000	-19.6000	0.0000	0.0000	4.96	-3.00	291.041	  		
'CaOxal'	2	1.0000	'Ca++'	1.0000	'Oxal='	500.0000	-3.0000	-3.0000	-3.0000	-3.0000	-3.0000	0.0000	0.0000	3.50	0.00	128.100	  		
'CaOxal2'	2	2.0000	'Oxal='	1.0000	'Ca++'	500.0000	-4.6000	-4.8864	-5.3000	-6.0000	-6.9000	0.0000	0.0000	4.55	-2.00	216.120	  		
'FeOxal'	2	1.0000	'Fe++'	1.0000	'Oxal='	500.0000	-4.4000	-4.5839	-4.9000	-5.2000	-5.8000	0.0000	0.0000	3.50	0.00	143.867	  		
'KOxal-'	2	1.0000	'K+'	1.0000	'Oxal='	500.0000	-0.7000	-0.7000	-0.7000	-0.7000	-0.7000	0.0000	0.0000	3.72	-1.00	127.122	  		
'MgOxal'	2	1.0000	'Mg++'	1.0000	'Oxal='	500.0000	-3.4700	-3.4700	-3.4700	-3.4700	-3.4700	0.0000	0.0000	3.50	0.00	112.332	  		
'NaOxal-'	2	1.0000	'Na+'	1.0000	'Oxal='	500.0000	-0.9000	-0.9000	-0.9000	-0.9000	-0.9000	0.0000	0.0000	3.72	-1.00	111.010	  		
'PbOxal'	2	1.0000	'Pb+2'	1.0000	'Oxal='	500.0000	-5.3600	-5.5562	-5.9200	-6.5800	-7.4000	0.0000	0.0000	3.50	0.00	295.210	  		
'PbOx2-2'	2	1.0000	'Pb+2'	2.0000	'Oxal='	500.0000	-7.4600	-7.6606	-8.1000	-8.8200	-9.6800	0.0000	0.0000	4.55	-2.00	383.230	  		
'ZnOxal'	2	1.0000	'Zn+2'	1.0000	'Oxal='	500.0000	-4.9000	-4.9284	-5.1000	-5.4000	-5.9000	0.0000	0.0000	3.50	0.00	153.390	  		
'HSuc-'	2	1.0000	'H+'	1.0000	'Suc='	500.0000	-5.6400	-5.7121	-5.8900	-6.2500	-6.8900	0.0000	0.0000	3.72	-1.00	117.078	  		
'H2Suc'	2	2.0000	'H+'	1.0000	'Suc='	500.0000	-9.8500	-9.8958	-10.1400	-10.6900	-11.6900	0.0000	0.0000	3.50	0.00	118.086	  		
'AlSuc+'	2	1.0000	'Al+++'	1.0000	'Suc='	500.0000	-5.3000	-5.3000	-5.3000	-5.3000	-5.3000	0.0000	0.0000	4.12	1.00	143.052	  		
'AlSuc2-'	2	1.0000	'Al+++'	2.0000	'Suc='	500.0000	-10.0000	-10.0000	-10.0000	-10.0000	-10.0000	0.0000	0.0000	3.72	-1.00	259.121	  		
'CaSuc'	2	1.0000	'Ca++'	1.0000	'Suc='	500.0000	-2.0000	-2.0000	-2.0000	-2.0000	-2.0000	0.0000	0.0000	3.50	0.00	156.150	  		
'FeSuc'	2	1.0000	'Fe++'	1.0000	'Suc='	500.0000	-2.2000	-2.4756	-2.8000	-3.3000	-3.9000	0.0000	0.0000	3.50	0.00	171.917	  		
'KSuc-'	2	1.0000	'K+'	1.0000	'Suc='	500.0000	-0.3000	-0.3000	-0.3000	-0.3000	-0.3000	0.0000	0.0000	3.72	-1.00	155.172	  		
'MgSuc'	2	1.0000	'Mg++'	1.0000	'Suc='	500.0000	-2.0500	-2.0500	-2.0500	-2.0500	-2.0500	0.0000	0.0000	3.50	0.00	140.382	  		
'Nasuc-'	2	1.0000	'Na+'	1.0000	'Suc='	500.0000	-0.3000	-0.3000	-0.3000	-0.3000	-0.3000	0.0000	0.0000	3.72	-1.00	139.060	  		
'PbSuc'	2	1.0000	'Pb+2'	1.0000	'Suc='	500.0000	-3.5000	-3.8084	-4.3000	-5.0000	-5.9000	0.0000	0.0000	3.50	0.00	323.260	  		
'ZnSuc'	2	1.0000	'Zn+2'	1.0000	'Suc='	500.0000	-2.4600	-2.8443	-3.3300	-4.0200	-4.8500	0.0000	0.0000	3.50	0.00	181.440	  		
'HMal-'	2	1.0000	'H+'	1.0000	'Mal='	500.0000	-5.7000	-5.8651	-6.1400	0.0000	0.0000	0.0000	0.0000	3.72	-1.00	103.055	  		
'H2Mal'	2	2.0000	'H+'	1.0000	'Mal='	500.0000	-8.5500	-8.7652	-9.1600	0.0000	0.0000	0.0000	0.0000	3.50	0.00	104.063	  		
'AlMal+'	2	1.0000	'Al+++'	1.0000	'Mal='	500.0000	-3.5600	-6.2733	-8.2200	-11.5100	-15.3000	0.0000	0.0000	4.12	1.00	129.029	  		
'CaMal'	2	1.0000	'Ca++'	1.0000	'Mal='	500.0000	-2.5100	-3.0013	-3.3900	-4.0900	-4.9500	0.0000	0.0000	3.50	0.00	142.127	  		
'FeMal'	2	1.0000	'Fe++'	1.0000	'Mal='	500.0000	-2.8000	-3.3469	-3.7300	-4.3600	-4.9800	0.0000	0.0000	3.50	0.00	157.894	  		
'MgMal'	2	1.0000	'Mg++'	1.0000	'Mal='	500.0000	-2.9000	-3.2679	-3.5800	-4.1600	-4.9000	0.0000	0.0000	3.50	0.00	126.359	  		
'NaMal-'	2	1.0000	'Na+'	1.0000	'Mal='	500.0000	-0.7400	-0.7400	-0.7400	-0.7400	-0.7400	0.0000	0.0000	3.72	-1.00	125.037	  		
'PbMal'	2	1.0000	'Pb+2'	1.0000	'Mal='	500.0000	-2.5400	-3.0792	-3.4700	-4.0900	-4.7200	0.0000	0.0000	3.50	0.00	309.237	  		
'ZnMal'	2	1.0000	'Zn+2'	1.0000	'Mal='	500.0000	-3.8500	-4.2199	-4.5500	-5.1800	-6.0100	0.0000	0.0000	3.50	0.00	167.417	  		
'H(Lactate)(aq)'	2	1.00000	'H+'	1.00000	'Lactate-'	-3.8500	-3.8500	-3.8500	500.0000	500.0000	500.0000	500.0000	500.0000	3.50	0.00	90.078	  		
'H(PIPES)(aq)'	2	1.00000	'H+'	1.00000	'PIPES-'	-7.000	-7.000	-7.000	500.0000	500.0000	500.0000	500.0000	500.0000	3.50	0.00	302.370	  		
'H3PO4(aq)'	2	1.0000	'HPO4--'	2.0000	'H+'	-9.3536	-9.3517	-9.5386	-9.8927	-10.4715	-11.1851	-12.0698	-13.2546	3.50	0.00	97.995	  		
'H2PO4-'	2	1.0000	'H+'	1.0000	'HPO4--'	-7.3200	-7.2120	-7.2065	-7.3155	-7.5638	-7.9129	-8.3711	-8.9931	3.72	-1.00	96.987	  		
'PO4---'	2	-1.0000	'H+'	1.0000	'HPO4--'	12.6494	12.3504	12.1600	12.1319	12.2803	12.5821	13.0271	13.6515	4.96	-3.00	94.971	  		
#'Al(SO4)2-'                       219.109  1.81 -1.00    2   1.0000       'Al+++'  2.0000       'SO4--'
#'Al(SO4)2-'                          500.0000   -4.9000  500.0000  500.0000  500.0000  500.0000  500.0000  500.0000
#'Al(SO4)2-'                       0.00000000E+00   -0.49000000E+01    0.00000000E+00    0.00000000E+00    0.00000000E+00
#  Data source:     EQ3/6 database data0.ymp.R5 YM Project SN0612T0502404.14

#'Al13O4(OH)24(7+)'                822.934  7.88  7.00    3 -32.0000       'H+'  13.0000       'Al+++'  28.0000       'H2O'
#'Al13O4(OH)24(7+)'                   500.0000   98.7300  500.0000  500.0000  500.0000  500.0000  500.0000  500.0000
#'Al13O4(OH)24(7+)'                0.00000000E+00    0.98730000E+02    0.00000000E+00    0.00000000E+00    0.00000000E+00
#  Data source:     EQ3/6 database data0.ymp.R5 YM Project SN0612T0502404.14

#'Al2(OH)2++++'                     87.978  4.50  4.00    3  -2.0000       'H+'  2.0000       'Al+++'  2.0000       'H2O'
#'Al2(OH)2++++'                       500.0000    7.6902  500.0000  500.0000  500.0000  500.0000  500.0000  500.0000
#'Al2(OH)2++++'                    0.00000000E+00    0.76902000E+01    0.00000000E+00    0.00000000E+00    0.00000000E+00
#  Data source:     EQ3/6 database data0.ymp.R5 YM Project SN0612T0502404.14

#'Al3(OH)4(5+)'                    148.974  5.62  5.00    3  -4.0000       'H+'  3.0000       'Al+++'  4.0000       'H2O'
#'Al3(OH)4(5+)'                       500.0000   13.8803  500.0000  500.0000  500.0000  500.0000  500.0000  500.0000
#'Al3(OH)4(5+)'                    0.00000000E+00    0.13880300E+02    0.00000000E+00    0.00000000E+00    0.00000000E+00
#  Data source:     EQ3/6 database data0.ymp.R5 YM Project SN0612T0502404.14

#'AlF++'                            45.980  2.80  2.00    2   1.0000       'Al+++'  1.0000       'F-'
#'AlF++'                              500.0000   -7.0000  500.0000  500.0000  500.0000  500.0000  500.0000  500.0000
#'AlF++'                           0.00000000E+00   -0.70000000E+01    0.00000000E+00    0.00000000E+00    0.00000000E+00
#  Data source:     EQ3/6 database data0.ymp.R5 YM Project SN0612T0502404.14

#'AlF2+'                            64.978  2.31  1.00    2   1.0000       'Al+++'  2.0000       'F-'
#'AlF2+'                              500.0000  -12.6000  500.0000  500.0000  500.0000  500.0000  500.0000  500.0000
#'AlF2+'                           0.00000000E+00   -0.12600000E+02    0.00000000E+00    0.00000000E+00    0.00000000E+00
#  Data source:     EQ3/6 database data0.ymp.R5 YM Project SN0612T0502404.14

#'AlF3(aq)'                         83.977  0.00  0.00    2   1.0000       'Al+++'  3.0000       'F-'
#'AlF3(aq)'                           500.0000  -16.7000  500.0000  500.0000  500.0000  500.0000  500.0000  500.0000
#'AlF3(aq)'                        0.00000000E+00   -0.16700000E+02    0.00000000E+00    0.00000000E+00    0.00000000E+00
#  Data source:     EQ3/6 database data0.ymp.R5 YM Project SN0612T0502404.14

#'AlF4-'                           102.975  1.81 -1.00    2   1.0000       'Al+++'  4.0000       'F-'
#'AlF4-'                              500.0000  -19.1000  500.0000  500.0000  500.0000  500.0000  500.0000  500.0000
#'AlF4-'                           0.00000000E+00   -0.19100000E+02    0.00000000E+00    0.00000000E+00    0.00000000E+00
#  Data source:     EQ3/6 database data0.ymp.R5 YM Project SN0612T0502404.14

'AlO+'	3	-2.0000	'H+'	1.0000	'Al+++'	1.0000	'H2O'	11.9828	10.3418	8.4956	6.8435	5.2374	3.9632	2.8957	1.9508	4.12	1.00	42.981	  		
'AlO2-'	3	-4.0000	'H+'	1.0000	'Al+++'	2.0000	'H2O'	24.9891	22.2038	19.0435	16.2051	13.4626	11.3393	9.6575	8.3430	3.72	-1.00	58.980	  		
'AlOH++'	3	-1.0000	'H+'	1.0000	'Al+++'	1.0000	'H2O'	5.7664	5.0004	4.0601	3.1499	2.1952	1.3813	0.6606	0.0014	4.28	2.00	43.989	  		
'AlSO4+'	2	1.0000	'Al+++'	1.0000	'SO4--'	500.0000	-3.0100	500.0000	500.0000	500.0000	500.0000	500.0000	500.0000	4.12	1.00	123.045	  		
'HAlO2(aq)'	3	-3.0000	'H+'	1.0000	'Al+++'	2.0000	'H2O'	18.0647	15.6016	12.8983	10.5474	8.3359	6.6406	5.2593	4.0577	3.50	0.00	59.988	  		
'CO2(aq)'	3	-1.0000	'H2O'	1.0000	'H+'	1.0000	'HCO3-'	-6.5804	-6.3447	-6.2684	-6.3882	-6.7235	-7.1969	-7.7868	-8.5280	3.50	0.00	44.010	  		
'CO3--'	2	-1.0000	'H+'	1.0000	'HCO3-'	10.6241	10.3288	10.1304	10.0836	10.2003	10.4648	10.8707	11.4638	4.42	-2.00	60.009	  		
'CaCO3(aq)'	3	-1.0000	'H+'	1.0000	'Ca++'	1.0000	'HCO3-'	7.5046	7.0017	6.4546	5.9746	5.4924	5.0570	4.5885	3.9784	3.50	0.00	100.087	  		
'CaCl+'	2	1.0000	'Ca++'	1.0000	'Cl-'	0.3561	0.2925	0.0939	-0.2152	-0.6820	-1.2274	-1.8704	-2.6767	4.12	1.00	75.531	  		
'CaCl2(aq)'	2	1.0000	'Ca++'	2.0000	'Cl-'	0.4563	0.6436	0.6340	0.4000	-0.1175	-0.8435	-1.8016	-3.1158	3.50	0.00	110.983	  		
'CaF+'	2	1.0000	'Ca++'	1.0000	'F-'	-0.6546	-0.6817	-0.8624	-1.1708	-1.6504	-2.2173	-2.8881	-3.7282	4.12	1.00	59.076	  		
'CaHCO3+'	2	1.0000	'Ca++'	1.0000	'HCO3-'	-1.0940	-1.0467	-1.1579	-1.4134	-1.8483	-2.3830	-3.0268	-3.8398	4.12	1.00	101.095	  		
'CaHSiO3+'	4	-1.0000	'H+'	1.0000	'Ca++'	1.0000	'H2O'	1.0000	'SiO2(aq)'	8.7775	8.5752	8.1152	7.5963	7.0429	6.5884	6.2000	5.8373	4.12	1.00	117.170	  		
'CaNO3+'	2	1.0000	'Ca++'	1.0000	'NO3-'	500.0000	-0.7000	500.0000	500.0000	500.0000	500.0000	500.0000	500.0000	4.12	1.00	102.083	  		
'CaOH+'	3	-1.0000	'H+'	1.0000	'Ca++'	1.0000	'H2O'	14.0851	12.8333	11.4163	10.1423	8.9034	7.9283	7.1264	6.4342	4.12	1.00	57.085	  		
'CaSO4(aq)'	2	1.0000	'Ca++'	1.0000	'SO4--'	-2.0713	-2.1111	-2.2647	-2.5111	-2.9102	-3.4333	-4.1436	-5.1877	3.50	0.00	136.142	  		
'Fe(CO3)2--'	3	-2.0000	'H+'	1.0000	'Fe++'	2.0000	'HCO3-'	500.0000	13.4976	500.0000	500.0000	500.0000	500.0000	500.0000	500.0000	4.55	-2.00	175.863	  		
'Fe(OH)3-'	3	-3.0000	'H+'	1.0000	'Fe++'	3.0000	'H2O'	500.0000	31.0000	500.0000	500.0000	500.0000	500.0000	500.0000	500.0000	3.72	-1.00	106.867	  		
'Fe(OH)4--'	3	-4.0000	'H+'	1.0000	'Fe++'	4.0000	'H2O'	500.0000	46.0000	500.0000	500.0000	500.0000	500.0000	500.0000	500.0000	4.55	-2.00	123.874	  		
#'Fe(SO4)2-'                       247.972  1.81 -1.00    2   1.0000       'Fe+++'  2.0000       'SO4--'
#'Fe(SO4)2-'                          500.0000   -3.2137  500.0000  500.0000  500.0000  500.0000  500.0000  500.0000
#'Fe(SO4)2-'                       0.00000000E+00   -0.32137000E+01    0.00000000E+00    0.00000000E+00    0.00000000E+00
#  Data source:     EQ3/6 database data0.ymp.R5 YM Project SN0612T0502404.14

#'Fe2(OH)2++++'                    145.705  4.50  4.00    3  -2.0000       'H+'  2.0000       'Fe+++'  2.0000       'H2O'
#'Fe2(OH)2++++'                       500.0000    2.9500  500.0000  500.0000  500.0000  500.0000  500.0000  500.0000
#'Fe2(OH)2++++'                    0.00000000E+00    0.29500000E+01    0.00000000E+00    0.00000000E+00    0.00000000E+00
#  Data source:     EQ3/6 database data0.ymp.R5 YM Project SN0612T0502404.14

#'Fe3(OH)4(5+)'                    235.564  5.62  5.00    3  -4.0000       'H+'  3.0000       'Fe+++'  4.0000       'H2O'
#'Fe3(OH)4(5+)'                       500.0000    6.3000  500.0000  500.0000  500.0000  500.0000  500.0000  500.0000
#'Fe3(OH)4(5+)'                    0.00000000E+00    0.63000000E+01    0.00000000E+00    0.00000000E+00    0.00000000E+00
#  Data source:     EQ3/6 database data0.ymp.R5 YM Project SN0612T0502404.14

'FeCO3(aq)'	3	-1.0000	'H+'	1.0000	'Fe++'	1.0000	'HCO3-'	500.0000	4.8788	500.0000	500.0000	500.0000	500.0000	500.0000	500.0000	3.50	0.00	115.854	  		
'FeCl+'	2	1.0000	'Cl-'	1.0000	'Fe++'	0.1522	0.1605	0.0364	-0.2061	-0.6047	-1.0921	-1.6835	-2.4419	4.12	1.00	91.298	  		
'FeCl++'	2	1.0000	'Cl-'	1.0000	'Fe+++'	-1.4655	-1.4799	-1.6152	-1.8550	-2.2399	-2.7096	-3.2837	-4.0256	4.28	2.00	91.298	  		
'FeCl2(aq)'	2	1.0000	'Fe++'	2.0000	'Cl-'	9.6489	8.1716	6.2535	4.2845	2.0690	0.0106	-2.0222	-4.2221	3.50	0.00	126.750	  		
'FeF+'	2	1.0000	'F-'	1.0000	'Fe++'	-1.4631	-1.4272	-1.5151	-1.7150	-2.0595	-2.4951	-3.0404	-3.7621	4.12	1.00	74.843	  		
'FeF++'	2	1.0000	'F-'	1.0000	'Fe+++'	-5.7273	-5.9997	-6.4362	-6.9516	-7.6109	-8.3063	-9.0785	-10.0008	4.28	2.00	74.843	  		
'FeF2+'	2	1.0000	'Fe+++'	2.0000	'F-'	-8.0181	-8.3499	-8.8566	-9.4430	-10.2040	-11.0484	-12.0600	-13.3907	4.12	1.00	93.842	  		
'FeHCO3+'	2	1.0000	'Fe++'	1.0000	'HCO3-'	500.0000	-1.4700	500.0000	500.0000	500.0000	500.0000	500.0000	500.0000	4.12	1.00	116.862	  		
'FeNO2++'	2	1.0000	'Fe+++'	1.0000	'NO2-'	500.0000	-3.1500	500.0000	500.0000	500.0000	500.0000	500.0000	500.0000	4.28	2.00	101.851	  		
'FeNO3++'	2	1.0000	'Fe+++'	1.0000	'NO3-'	500.0000	-1.0000	500.0000	500.0000	500.0000	500.0000	500.0000	500.0000	4.28	2.00	117.850	  		
'FeO(aq)'	3	-2.0000	'H+'	1.0000	'Fe++'	1.0000	'H2O'	22.2445	20.4052	18.2965	16.3698	14.4479	12.8692	11.4762	10.1107	3.50	0.00	71.844	  		
'FeO+'	3	-2.0000	'H+'	1.0000	'Fe+++'	1.0000	'H2O'	6.9807	5.6498	4.2298	3.0327	1.9418	1.1276	0.4697	-0.1116	4.12	1.00	71.844	  		
'FeO2-'	3	-4.0000	'H+'	1.0000	'Fe+++'	2.0000	'H2O'	24.5356	21.6203	18.4412	15.7052	13.1873	11.3421	9.9598	8.9451	3.72	-1.00	87.844	  		
'FeOH+'	3	-1.0000	'H+'	1.0000	'Fe++'	1.0000	'H2O'	10.1319	9.3148	8.3650	7.4949	6.6337	5.9419	5.3584	4.8384	4.12	1.00	72.852	  		
'FeOH++'	3	-1.0000	'H+'	1.0000	'Fe+++'	1.0000	'H2O'	2.8954	2.2047	1.4285	0.7408	0.0794	-0.4433	-0.8855	-1.2837	4.28	2.00	72.852	  		
'FeS(aq)'	3	-1.0	'H+'	1.0	'Fe++'	1.0	'HS-'	500.0000	2.2	500.0000	500.0000	500.0000	500.0000	500.0000	500.0000	3.50	0.00	87.911	  		
'FeSO4(aq)'	2	1.0000	'Fe++'	1.0000	'SO4--'	500.0000	-2.2000	500.0000	500.0000	500.0000	500.0000	500.0000	500.0000	3.50	0.00	151.909	  		
'FeSO4+'	2	1.0000	'Fe+++'	1.0000	'SO4--'	-1.5408	-1.9276	-2.4871	-3.1061	-3.8739	-4.6924	-5.6495	-6.9061	4.12	1.00	151.909	  		
'H2S(aq)'	2	1.0000	'H+'	1.0000	'HS-'	-7.4159	-6.9877	-6.6467	-6.4827	-6.4960	-6.6831	-7.0225	-7.5536	3.50	0.00	34.082	  		
'H2SO4(aq)'	2	1.0000	'SO4--'	2.0000	'H+'	500.0000	1.0209	500.0000	500.0000	500.0000	500.0000	500.0000	500.0000	3.50	0.00	98.079	  		
'HF(aq)'	2	1.0000	'F-'	1.0000	'H+'	-2.9654	-3.1791	-3.4948	-3.8477	-4.3264	-4.9345	-5.7479	-6.8164	3.50	0.00	20.006	  		
'HF2-'	2	2.0000	'F-'	1.0000	'H+'	-3.4639	-3.7101	-4.1266	-4.5367	-5.0532	-5.8324	500.0000	500.0000	3.72	-1.00	39.005	  		
'HFeO2(aq)'	3	-3.0000	'H+'	1.0000	'Fe+++'	2.0000	'H2O'	14.3047	12.0180	9.6021	7.5941	5.8067	4.5205	3.5296	2.6957	3.50	0.00	88.852	  		
'HFeO2-'	3	-3.0000	'H+'	1.0000	'Fe++'	2.0000	'H2O'	31.4183	29.2070	26.6814	24.4106	22.2309	20.5753	19.3110	18.3860	3.72	-1.00	88.852	  		
'HNO2(aq)'	2	1.0000	'H+'	1.0000	'NO2-'	-3.4897	-3.2252	-2.9908	-2.8441	-2.7853	-2.8366	-3.0000	-3.3280	3.50	0.00	47.013	  		
'HNO3(aq)'	2	1.0000	'H+'	1.0000	'NO3-'	1.5397	1.3026	0.9516	0.5563	0.0741	-0.4117	-0.9362	-1.5794	3.50	0.00	63.013	  		
'HSO4-'	2	1.0000	'H+'	1.0000	'SO4--'	-1.7193	-1.9791	-2.4371	-3.0002	-3.7234	-4.4683	-5.2633	-6.1799	4.28	-1.00	97.072	  		
'HSiO3-'	3	-1.0000	'H+'	1.0000	'H2O'	1.0000	'SiO2(aq)'	9.8105	9.5853	9.2406	8.9596	8.8018	8.8329	9.0353	9.4329	3.72	-1.00	77.092	  		
'KCl(aq)'	2	1.0000	'Cl-'	1.0000	'K+'	2.8402	2.5355	2.1412	1.7313	1.2545	0.7846	0.2783	-0.3441	3.50	0.00	74.551	  		
'KHSO4(aq)'	3	1.0000	'H+'	1.0000	'K+'	1.0000	'SO4--'	2.0393	1.4953	0.5948	-0.4756	-1.8165	-3.1720	-4.6006	-6.2423	3.50	0.00	136.170	  		
'KOH(aq)'	3	-1.0000	'H+'	1.0000	'H2O'	1.0000	'K+'	15.4984	14.4386	13.3143	12.3777	11.5515	10.9778	10.5696	10.2671	3.50	0.00	56.106	  		
'KSO4-'	2	1.0000	'K+'	1.0000	'SO4--'	-0.8855	-0.8796	-0.9908	-1.1950	-1.5212	-1.9206	-2.4186	-3.0896	3.72	-1.00	135.162	  		
'Mg4(OH)4++++'	3	-4.0000	'H+'	4.0000	'H2O'	4.0000	'Mg++'	500.0000	39.7500	500.0000	500.0000	500.0000	500.0000	500.0000	500.0000	4.70	4.00	165.249	  		
'MgCO3(aq)'	3	-1.0000	'H+'	1.0000	'HCO3-'	1.0000	'Mg++'	7.7424	7.3499	6.9292	6.5742	6.2284	5.9109	5.5428	5.0192	3.50	0.00	84.314	  		
'MgCl+'	2	1.0000	'Cl-'	1.0000	'Mg++'	0.0966	0.1349	0.0409	-0.1725	-0.5372	-0.9915	-1.5500	-2.2763	4.12	1.00	59.758	  		
'MgF+'	2	1.0000	'F-'	1.0000	'Mg++'	-1.3869	-1.3524	-1.4781	-1.7394	-2.1692	-2.6911	-3.3210	-4.1254	4.12	1.00	43.303	  		
'MgHCO3+'	2	1.0000	'HCO3-'	1.0000	'Mg++'	-1.0770	-1.0357	-1.1604	-1.4229	-1.8523	-2.3688	-2.9844	-3.7577	4.12	1.00	85.322	  		
'MgHSiO3+'	4	-1.0000	'H+'	1.0000	'H2O'	1.0000	'Mg++'	1.0000	'SiO2(aq)'	8.4539	8.3253	7.9433	7.5010	7.0360	6.6656	6.3580	6.0717	4.12	1.00	101.397	  		
'MgOH+'	3	-1.0000	'H+'	1.0000	'H2O'	1.0000	'Mg++'	12.6741	11.6825	10.5017	9.3988	8.2907	7.3921	6.6344	5.9667	4.12	1.00	41.312	  		
'MgSO4(aq)'	2	1.0000	'Mg++'	1.0000	'SO4--'	-2.1842	-2.2298	-2.3929	-2.6408	-3.0307	-3.5393	-4.2363	-5.2714	3.50	0.00	120.369	  		
'NH4+'	2	1.0000	'H+'	1.0000	'NH3(aq)'	-10.0691	-9.2410	-8.2847	-7.4010	-6.5156	-5.7992	-5.1995	-4.6767	4.12	1.00	18.038	  		
'NH4SO4-'	3	1.0000	'H+'	1.0000	'NH3(aq)'	1.0000	'SO4--'	500.0000	-0.9400	500.0000	500.0000	500.0000	500.0000	500.0000	500.0000	3.72	-1.00	114.102	  		
'NaCO3-'	3	-1.0000	'H+'	1.0000	'HCO3-'	1.0000	'Na+'	9.7248	9.8145	9.9174	10.0115	10.1040	10.1770	10.2360	10.2847	3.72	-1.00	82.999	  		
'NaCl(aq)'	2	1.0000	'Cl-'	1.0000	'Na+'	0.8286	0.7770	0.6509	0.4730	0.2140	-0.0932	-0.4777	-1.0126	3.50	0.00	58.442	  		
'NaF(aq)'	2	1.0000	'F-'	1.0000	'Na+'	1.0818	0.9976	0.8328	0.6233	0.3376	0.0096	-0.3965	-0.9574	3.50	0.00	41.988	  		
'NaHCO3(aq)'	2	1.0000	'HCO3-'	1.0000	'Na+'	-0.3983	-0.1541	0.0750	0.2444	0.3582	0.3740	0.2765	0.0043	3.50	0.00	84.007	  		
'NaHSiO3(aq)'	4	-1.0000	'H+'	1.0000	'H2O'	1.0000	'Na+'	1.0000	'SiO2(aq)'	7.6029	7.7543	7.7802	7.7946	7.8726	8.0138	8.1904	8.3652	3.50	0.00	100.081	  		
'NaOH(aq)'	3	-1.0000	'H+'	1.0000	'H2O'	1.0000	'Na+'	15.1315	14.2047	13.2097	12.3772	11.6420	11.1304	10.7623	10.4801	3.50	0.00	39.997	  		
'NaSO4-'	2	1.0000	'Na+'	1.0000	'SO4--'	-0.6765	-0.7000	-0.8416	-1.0629	-1.3893	-1.7724	-2.2416	-2.8730	3.72	-1.00	119.053	  		
'OH-'	2	-1.0000	'H+'	1.0000	'H2O'	14.9398	13.9951	13.0272	12.2551	11.6308	11.2836	11.1675	11.3002	3.31	-1.00	17.007	  		
'S--'	2	-1.0000	'H+'	1.0000	'HS-'	13.7688	12.9352	12.0856	11.4159	10.8952	10.6408	10.6146	10.8398	4.55	-2.00	32.066	  		
'SiF6--'	4	-2.0000	'H2O'	1.0000	'SiO2(aq)'	4.0000	'H+'	6.0000	'F-'	-27.6538	-26.2749	-25.2195	-24.6539	-24.5343	-24.9194	-25.8185	-27.4359	4.55	-2.00	142.076	  		
'SrCO3(aq)'	3	-1.0000	'H+'	1.0000	'HCO3-'	1.0000	'Sr++'	8.0080	7.4635	6.8685	6.3509	5.8431	5.4003	4.9381	4.3447	3.50	0.00	147.629	  		
'SrCl+'	2	1.0000	'Cl-'	1.0000	'Sr++'	0.3205	0.2485	0.0473	-0.2520	-0.6929	-1.2027	-1.8045	-2.5676	4.12	1.00	123.073	  		
'SrF+'	2	1.0000	'F-'	1.0000	'Sr++'	-0.1158	-0.1393	-0.2895	-0.5405	-0.9286	-1.3916	-1.9519	-2.6780	4.12	1.00	106.618	  		
'SrHCO3+'	2	1.0000	'HCO3-'	1.0000	'Sr++'	-0.9717	-1.2300	-1.6851	-2.2434	-2.9636	-3.7153	-4.5347	-5.5050	4.12	1.00	148.637	  		
'SrNO3+'	2	1.0000	'NO3-'	1.0000	'Sr++'	500.0000	-0.8000	500.0000	500.0000	500.0000	500.0000	500.0000	500.0000	4.12	1.00	149.625	  		
'SrOH+'	3	-1.0000	'H+'	1.0000	'H2O'	1.0000	'Sr++'	14.6409	13.3024	11.8007	10.4683	9.1951	8.2137	7.4229	6.7515	4.12	1.00	104.627	  		
'SrSO4(aq)'	2	1.0000	'SO4--'	1.0000	'Sr++'	500.0000	-2.3000	500.0000	500.0000	500.0000	500.0000	500.0000	500.0000	3.50	0.00	183.684	  		
'(UO2)11(CO3)6(OH)12--'	4	-18.0000	'H+'	6.0000	'HCO3-'	11.0000	'UO2++'	12.0000	'H2O'	500.0000	25.8549	500.0000	500.0000	500.0000	500.0000	500.0000	500.0000	4.55	-2.00	3534.446	  		
'(UO2)2(OH)2++'	3	-2.0000	'H+'	2.0000	'H2O'	2.0000	'UO2++'	6.2899	5.6565	4.9922	4.4421	3.9459	3.5707	3.2501	2.9307	4.28	2.00	574.070	  		
'(UO2)2CO3(OH)3-'	4	-4.0000	'H+'	1.0000	'HCO3-'	2.0000	'UO2++'	3.0000	'H2O'	500.0000	11.2448	500.0000	500.0000	500.0000	500.0000	500.0000	500.0000	3.72	-1.00	651.086	  		
'(UO2)2OH+++'	3	-1.0000	'H+'	1.0000	'H2O'	2.0000	'UO2++'	500.0000	2.7291	500.0000	500.0000	500.0000	500.0000	500.0000	500.0000	4.51	3.00	557.063	  		
'(UO2)3(CO3)6(6-)'	3	-6.0000	'H+'	3.0000	'UO2++'	6.0000	'HCO3-'	8.5924	8.0930	7.7089	7.5275	7.4843	7.4990	7.4593	7.2623	5.67	-6.00	1170.137	  		
'(UO2)3(OH)4++'	3	-4.0000	'H+'	3.0000	'UO2++'	4.0000	'H2O'	500.0000	11.9618	500.0000	500.0000	500.0000	500.0000	500.0000	500.0000	4.28	2.00	878.112	  		
'(UO2)3(OH)5+'	3	-5.0000	'H+'	3.0000	'UO2++'	5.0000	'H2O'	17.2568	15.6191	13.9164	12.5227	11.2846	10.3646	9.5883	8.8195	4.12	1.00	895.120	  		
#'(UO2)3(OH)7-'                    929.134  1.81 -1.00    3  -7.0000       'H+'  3.0000       'UO2++'  7.0000       'H2O'
#'(UO2)3(OH)7-'                       500.0000   31.0836  500.0000  500.0000  500.0000  500.0000  500.0000  500.0000
#'(UO2)3(OH)7-'                    0.00000000E+00    0.31083600E+02    0.00000000E+00    0.00000000E+00    0.00000000E+00
#  Data source:     EQ3/6 database data0.ymp.R5 YM Project SN0612T0502404.14

'(UO2)3(OH)7-'	3	-7.0000	'H+'	3.0000	'UO2++'	7.0000	'H2O'	500.0000	32.2	500.0000	500.0000	500.0000	500.0000	500.0000	500.0000	3.72	-1.00	929.134	  		
'(UO2)3O(OH)2(HCO3)+'	4	-4.0000	'H+'	1.0000	'HCO3-'	3.0000	'H2O'	3.0000	'UO2++'	500.0000	9.7457	500.0000	500.0000	500.0000	500.0000	500.0000	500.0000	4.12	1.00	921.114	  		
'(UO2)4(OH)7+'	3	-7.0000	'H+'	4.0000	'UO2++'	7.0000	'H2O'	500.0000	21.9946	500.0000	500.0000	500.0000	500.0000	500.0000	500.0000	4.12	1.00	1199.162	  		
'U(CO3)4----'	3	-4.0000	'H+'	1.0000	'U++++'	4.0000	'HCO3-'	500.0000	6.2611	500.0000	500.0000	500.0000	500.0000	500.0000	500.0000	5.30	-4.00	478.064	  		
'U(CO3)5(6-)'	3	-5.0000	'H+'	1.0000	'U++++'	5.0000	'HCO3-'	18.7610	17.8247	16.9283	16.2838	15.8253	15.5976	15.5096	15.5454	5.67	-6.00	538.073	  		
'U(NO3)2++'	2	1.0000	'U++++'	2.0000	'NO3-'	500.0000	-2.2533	500.0000	500.0000	500.0000	500.0000	500.0000	500.0000	4.28	2.00	362.039	  		
'U(SO4)2(aq)'	2	1.0000	'U++++'	2.0000	'SO4--'	-9.8870	-10.3431	-11.0453	-11.8616	-12.9485	-14.2113	-15.8136	-18.0575	3.50	0.00	430.156	  		
'UCl+++'	2	1.0000	'Cl-'	1.0000	'U++++'	-2.0547	-1.6997	-1.4075	-1.2461	-1.2235	-1.3665	-1.6771	-2.1976	4.51	3.00	273.482	  		
'UF+++'	2	1.0000	'F-'	1.0000	'U++++'	-9.3728	-9.2327	-9.1873	-9.2513	-9.4505	-9.7684	-10.2205	-10.8578	4.51	3.00	257.027	  		
'UF2++'	2	1.0000	'U++++'	2.0000	'F-'	-16.2591	-16.1429	-16.1505	-16.2957	-16.6383	-17.1669	-17.9331	-19.0621	4.28	2.00	276.026	  		
'UF3+'	2	1.0000	'U++++'	3.0000	'F-'	-21.5829	-21.4731	-21.6209	-22.0126	-22.7431	-23.7401	-25.0776	-26.9471	4.12	1.00	295.024	  		
'UF4(aq)'	2	1.0000	'U++++'	4.0000	'F-'	-25.6842	-25.4332	-25.5754	-26.1120	-27.1695	-28.6227	-30.5524	-33.2099	3.50	0.00	314.022	  		
'UF5-'	2	1.0000	'U++++'	5.0000	'F-'	500.0000	-26.8034	500.0000	500.0000	500.0000	500.0000	500.0000	500.0000	3.72	-1.00	333.021	  		
'UF6--'	2	1.0000	'U++++'	6.0000	'F-'	500.0000	-28.8336	500.0000	500.0000	500.0000	500.0000	500.0000	500.0000	4.55	-2.00	352.019	  		
'UNO3+++'	2	1.0000	'NO3-'	1.0000	'U++++'	500.0000	-1.4429	500.0000	500.0000	500.0000	500.0000	500.0000	500.0000	4.51	3.00	300.034	  		
'UO2(SO4)2--'	2	1.0000	'UO2++'	2.0000	'SO4--'	-3.4969	-3.9697	-4.7419	-5.6425	-6.7679	-7.9313	-9.2141	-10.7761	4.55	-2.00	462.155	  		
'UO2Cl+'	2	1.0000	'Cl-'	1.0000	'UO2++'	-0.0446	-0.1463	-0.3285	-0.5583	-0.8768	-1.2492	-1.7129	-2.3428	4.12	1.00	305.480	  		
'UO2Cl2(aq)'	2	1.0000	'UO2++'	2.0000	'Cl-'	1.3059	1.1362	0.7704	0.2695	-0.4496	-1.2907	-2.3176	-3.6774	3.50	0.00	340.933	  		
'UO2F+'	2	1.0000	'F-'	1.0000	'UO2++'	-5.0384	-5.0393	-5.1058	-5.2298	-5.4443	-5.7346	-6.1319	-6.7070	4.12	1.00	289.026	  		
'UO2F2(aq)'	2	1.0000	'UO2++'	2.0000	'F-'	-8.5662	-8.5294	-8.6582	-8.9427	-9.4488	-10.1219	-11.0129	-12.2605	3.50	0.00	308.024	  		
'UO2F3-'	2	1.0000	'UO2++'	3.0000	'F-'	-10.8585	-10.7697	-10.9665	-11.4157	-12.1798	-13.1295	-14.2956	-15.8084	3.72	-1.00	327.023	  		
'UO2F4--'	2	1.0000	'UO2++'	4.0000	'F-'	-11.6355	-11.5298	-11.6711	-12.0375	-12.6873	-13.5201	-14.5712	-15.9719	4.55	-2.00	346.021	  		
'UO2NO3+'	2	1.0000	'NO3-'	1.0000	'UO2++'	500.0000	-0.2696	500.0000	500.0000	500.0000	500.0000	500.0000	500.0000	4.12	1.00	332.033	  		
'UO2OSi(OH)3+'	4	-1.0000	'H+'	1.0000	'SiO2(aq)'	1.0000	'UO2++'	2.0000	'H2O'	500.0000	2.4810	500.0000	500.0000	500.0000	500.0000	500.0000	500.0000	4.12	1.00	365.135	  		
'UO2SO4(aq)'	2	1.0000	'SO4--'	1.0000	'UO2++'	-2.7908	-3.0594	-3.4831	-3.9782	-4.6245	-5.3478	-6.2291	-7.4250	3.50	0.00	366.091	  		
#'UO3(aq)'                         286.027  0.00  0.00    3  -2.0000       'H+'  1.0000       'H2O'  1.0000       'UO2++'
#'UO3(aq)'                             11.1590   10.3117    9.4020    8.6276    7.9106    7.3615    6.9000    6.4644
#'UO3(aq)'                         0.46519118E+02   -0.29001345E+03   -0.45585940E-01    0.16642316E+05   -0.61754026E+06
#  Data source:     EQ3/6 database data0.ymp.R5 YM Project SN0612T0502404.14
#  Equivalent to UO2(OH)2(aq)  Guillaumont (2003)   12.15
#
#'HUO4-'                           303.034  1.81 -1.00    3  -3.0000       'H+'  1.0000       'UO2++'  2.0000       'H2O'
#'HUO4-'                               20.4249   19.2454   17.9434   16.8200   15.7991   15.0824   14.5986   14.3352
#'HUO4-'                          -0.55061463E+02    0.35399489E+03    0.58131640E-01   -0.15402738E+05    0.11817314E+07
#  Data source:     EQ3/6 database data0.ymp.R5 YM Project SN0612T0502404.14
#  Equivalent to UO2(OH)3-  Guillaumont (2003)  20.25
#
#'UO4--'                           302.026  3.00 -2.00    3  -4.0000       'H+'  1.0000       'UO2++'  2.0000       'H2O'
#'UO4--'                               35.3913   33.0259   30.5152   28.4318   26.6347   25.4776   24.8227   24.6639
#'UO4--'                          -0.17572173E+03    0.11233744E+04    0.17946529E+00   -0.56064450E+05    0.40330156E+07
#  Data source:     EQ3/6 database data0.ymp.R5 YM Project SN0612T0502404.14
#  Equivalent to UO2(OH)4--    Guillaumont (2003) 32.4

'UO2OH+'	3	-1.0000	'H+'	1.0000	'H2O'	1.0000	'UO2++'	5.9334	5.2173	4.4467	3.7912	3.1893	2.7386	2.3762	2.0587	4.12	1.00	287.035	  		
'UO2(OH)2(aq)'	3	-2.0000	'H+'	2.0000	'H2O'	1.0000	'UO2++'	13.00	12.15	11.24	10.47	9.75	9.20	8.74	8.30	3.50	0.00	304.042	  		
'UO2(OH)3-'	3	-3.0000	'H+'	1.0000	'UO2++'	3.0000	'H2O'	21.43	20.25	18.95	17.82	16.80	16.09	15.60	15.34	3.72	-1.00	321.049	  		
'UO2(OH)4--'	3	-4.0000	'H+'	1.0000	'UO2++'	4.0000	'H2O'	34.77	32.40	29.89	27.81	26.01	24.85	24.20	24.04	4.55	-2.00	338.056	  		
#'UO++'                            254.028  2.80  2.00    3  -2.0000       'H+'  1.0000       'H2O'  1.0000       'U++++'
#'UO++'                                 3.2179    2.0068    0.7091   -0.3909   -1.4014   -2.1656   -2.7915   -3.3450
#'UO++'                            0.39202023E+02   -0.25349172E+03   -0.39315752E-01    0.14135362E+05   -0.31521230E+06
#  Data source:     EQ3/6 database data0.ymp.R5 YM Project SN0612T0502404.14
#  replaced by U(OH)2++, see below
#
#'HUO2+'                           271.036  2.31  1.00    3  -3.0000       'H+'  1.0000       'U++++'  2.0000       'H2O'
#'HUO2+'                                6.5854    5.0031    3.2634    1.7529    0.3282   -0.7808   -1.7150   -2.5654
#'HUO2+'                           0.71592221E+02   -0.46088842E+03   -0.70208761E-01    0.26894553E+05   -0.10029910E+07
#  Data source:     EQ3/6 database data0.ymp.R5 YM Project SN0612T0502404.14
#  replaced by U(OH)3+, see below
#
#'UO2(aq)'                         270.028  0.00  0.00    3  -4.0000       'H+'  1.0000       'U++++'  2.0000       'H2O'
#'UO2(aq)'                              5.7967    4.5633    3.1848    1.9657    0.7790   -0.1954   -1.0795   -1.9587
#'UO2(aq)'                         0.10222503E+03   -0.65127807E+03   -0.10247260E+00    0.36642439E+05   -0.16837529E+07
#  Data source:     EQ3/6 database data0.ymp.R5 YM Project SN0612T0502404.14
#  replaced by U(OH)4, see below
#  Note: the above log(K) data are after Grenthe et al. 1992, and have been criticized for leading to 
#  orders of magnitude to high stability (see Rai et al., 2003; Guillaumont 2003)
#

'UOH+++'	3	-1.0000	'H+'	1.0000	'H2O'	1.0000	'U++++'	1.2906	0.5408	-0.3188	-1.0974	-1.8643	-2.4848	-3.0170	-3.4916	4.51	3.00	255.036	  		

#'UOH+++'                          255.036  3.60  3.00    3  -1.0000       'H+'  1.0000       'H2O'  1.0000       'U++++'
#'UOH+++'                                1.14     0.40     -0.46     -1.24     -2.01     -2.63     -3.16     -3.64
#'UOH+++'                          0.24395366E+02   -1.6093425E+02  -0.24884629E-01    0.10236511E+05   -0.40717369E+06
#  Data source:     Guillaumont et al. (2003 p. 187) at 25C then extrapolate taking curve for old UOH+++ in data0.ymp.R5

'U(OH)2++'	3	-2.0000	'H+'	2.0000	'H2O'	1.0000	'U++++'	2.30	1.09	-0.21	-1.31	-2.32	-3.08	-3.71	-4.26	4.28	2.00	272.043	  		
'U(OH)3+'	3	-3.0000	'H+'	3.0000	'H2O'	1.0000	'U++++'	6.27	4.69	2.95	1.44	0.02	-1.09	-2.03	-2.88	4.12	1.00	289.050	  		
'U(OH)4(aq)'	3	-4.0000	'H+'	4.0000	'H2O'	1.0000	'U++++'	11.21	9.98	8.60	7.38	6.20	5.22	4.34	3.46	3.50	0.00	306.057	  		
#'HUO3-'                           287.035  1.81 -1.00    3  -5.0000       'H+'  1.0000       'U++++'  3.0000       'H2O'
#'HUO3-'                               18.2332   16.5756   14.6345   12.8545   11.1006    9.7091    8.5704    7.6409
#'HUO3-'                           0.11634441E+02   -0.78441221E+02   -0.91084362E-02    0.10632367E+05   -0.37526994E+06
#  Data source:     EQ3/6 database data0.ymp.R5 YM Project SN0612T0502404.14
#  Equivalent to U(OH)5-

#'U(OH)5-'                          323.065  1.81 -1.00    3  -5.0000       'H+'  1.0000       'U++++'  5.0000       'H2O'
#'U(OH)5-'                             18.2332   16.5756   14.6345   12.8545   11.1006    9.7091    8.5704    7.6409
#'U(OH)5-'                         0.11634441E+02   -0.78441221E+02   -0.91084362E-02    0.10632367E+05   -0.37526994E+06
#  Data source:     same as HUO3- in EQ3/6 database data0.ymp.R5 YM Project SN0612T0502404.14
#  Not consistent with Guillaumont (2003).  Dominates U(OH)4(aq) above ~ neutral with too high UO2 solubility

'USO4++'	2	1.0000	'SO4--'	1.0000	'U++++'	500.0000	-6.4927	500.0000	500.0000	500.0000	500.0000	500.0000	500.0000	4.28	2.00	334.092	  		
# 'UO2CO3(aq)'                      330.037  0.00  0.00    3  -1.0000       'H+'  1.0000       'HCO3-'  1.0000       'UO2++'
# 'UO2CO3(aq)'                           1.0157    0.6838    0.3341    0.0350   -0.2680   -0.5611   -0.9139   -1.4277
# 'UO2CO3(aq)'                      0.14436079E+03   -0.91459787E+03   -0.14185185E+00    0.49058674E+05   -0.26197906E+07
#  Data source:     EQ3/6 database data0.ymp.R5 YM Project SN0612T0502404.14
#
# 'UO2(CO3)2--'                     390.045  3.00 -2.00    3  -2.0000       'H+'  1.0000       'UO2++'  2.0000       'HCO3-'
# 'UO2(CO3)2--'                          4.5464    3.7577    2.9043    2.1984    1.5899    1.1792    0.8892    0.6628
# 'UO2(CO3)2--'                     0.42789068E+02   -0.28023383E+03   -0.33512604E-01    0.17636101E+05   -0.79675443E+06
#  Data source:     EQ3/6 database data0.ymp.R5 YM Project SN0612T0502404.14
#
# 'UO2(CO3)3----'                   450.054  5.60 -4.00    3  -3.0000       'H+'  1.0000       'UO2++'  3.0000       'HCO3-'
# 'UO2(CO3)3----'                        9.5502    9.4411    9.3950    9.4726    9.7142   10.0785   10.5525   11.1678
# 'UO2(CO3)3----'                  -0.59131059E+02    0.37446200E+03    0.71903218E-01   -0.18572046E+05    0.11317412E+07
#  Data source:     EQ3/6 database data0.ymp.R5 YM Project SN0612T0502404.14

'UO2CO3(aq)'	3	-1.00000	'H+'	1.00000	'HCO3-'	1.00000	'UO2++'	0.7207	0.3888	0.0391	-0.2600	-0.5630	-0.8561	-1.2089	-1.7227	3.50	0.00	330.037	  		

'UO2(CO3)2--'	3	-2.00000	'H+'	2.00000	'HCO3-'	1.00000	'UO2++'	4.8363	4.0476	3.1942	2.4883	1.8798	1.4691	1.1791	0.9527	4.55	-2.00	390.045	  		

'UO2(CO3)3----'	3	-3.00000	'H+'	3.00000	'HCO3-'	1.00000	'UO2++'	9.2555	9.1464	9.1003	9.1779	9.4195	9.7838	10.2578	10.8731	5.30	-4.00	450.054	  		

'CaUO2(CO3)3--'	4	-3.00000	'H+'	1.00000	'Ca++'	3.00000	'HCO3-'	1.00000	'UO2++'	500.0000	3.8064	500.0000	500.0000	500.0000	500.0000	500.0000	500.0000	4.55	-2.00	490.132	  		
'Ca2UO2(CO3)3'	4	-3.00000	'H+'	2.00000	'Ca++'	3.00000	'HCO3-'	1.00000	'UO2++'	500.0000	0.2864	500.0000	500.0000	500.0000	500.0000	500.0000	500.0000	3.50	0.00	530.210	  		
'UO2(CO3)3(5-)'	3	-3.0000	'H+'	1.0000	'UO2+'	3.0000	'HCO3-'	500.0000	23.6245	500.0000	500.0000	500.0000	500.0000	500.0000	500.0000	5.52	-5.00	450.054	  		
'UO2OH(aq)'	3	-1.0000	'H+'	1.0000	'H2O'	1.0000	'UO2+'	19.3013	18.1622	16.7875	15.4806	14.1398	13.0291	12.0752	11.2215	3.50	0.00	287.035	  		
'UO3-'	3	-2.0000	'H+'	1.0000	'H2O'	1.0000	'UO2+'	39.2086	36.4874	33.3379	30.4561	27.6358	25.4526	23.7599	22.4988	3.72	-1.00	286.027	  		
'HUO2(aq)'	3	-3.0000	'H+'	1.0000	'U+++'	2.0000	'H2O'	24.5907	21.2025	17.6419	14.6967	12.1034	10.2832	8.9451	7.8941	3.50	0.00	271.036	  		
'UO+'	3	-2.0000	'H+'	1.0000	'H2O'	1.0000	'U+++'	14.8680	12.7087	10.3716	8.3670	6.5134	5.1240	4.0213	3.0856	4.12	1.00	254.028	  		
'UO2-'	3	-4.0000	'H+'	1.0000	'U+++'	2.0000	'H2O'	35.8191	31.6845	27.2190	23.4091	19.9373	17.4217	15.5540	14.1652	3.72	-1.00	270.028	  		
'UOH++'	3	-1.0000	'H+'	1.0000	'H2O'	1.0000	'U+++'	7.3800	6.1849	4.8583	3.6934	2.5891	1.7389	1.0486	0.4575	4.28	2.00	255.036	  		
'null' 1 0. '0' 0. 0. 0. 0. 0. 0. 0. 0. 0. 0. 0.
'Ag(g)' 0.0000 4 -1.0000 'H+' -0.2500 'O2(g)' 0.5000 'H2O' 1.0000 'Ag+' 55.5420 50.3678 44.4606 39.1093 33.8926 29.8196 500.0000 500.0000 107.8682
'CO2(g)' 0.0000 3 -1.0000 'H2O' 1.0000 'H+' 1.0000 'HCO3-' -7.6765 -7.8136 -8.0527 -8.3574 -8.7692 -9.2165 -9.7202 -10.3393 44.0098
'null' 0. 1 1. '0' 0. 0. 0. 0. 0. 0. 0. 0. 0.
'Calcite' 36.9340 3 -1.0000 'H+' 1.0000 'Ca++' 1.0000 'HCO3-' 2.2257 1.8487 1.3330 0.7743 0.0999 -0.5838 -1.3262 -2.2154 100.0872
#molar vl (cm3/mol) 													8 values of logK			100.0872 is molecular weight of calcite 			
!'Goethite' 20.8200 3 -3.0000 'H+' 1.0000 'Fe+++' 2.0000 'H2O' 1.5252 3.5345 -0.6000 -1.6142 -2.6004 -3.3990 500.0000 500.0000 88.8537
'Goethite' 20.8200 3 -3.0000 'H+' 1.0000 'Fe+++(gt)' 2.0000 'H2O' 1.5252 3.5345 -0.6000 -1.6142 -2.6004 -3.3990 500.0000 500.0000 88.8537
'Dolomite' 64.3650 4 -2.0000 'H+' 1.0000 'Ca++' 1.0000 'Mg++' 2.0000 'HCO3-' 3.4063 2.5135 1.3314 0.0944 -1.3493 -2.7744 -4.2968 -6.1006 184.4014
'Siderite' 29.3780 3 -1.0000 'H+' 1.0000 'Fe++' 1.0000 'HCO3-' 0.2914 -0.1920 -0.8309 -1.4967 -2.2685 -3.0240 -3.8241 -4.7626 115.8562
'Pyrite' 23.9400 5 -1.0000 'H2O' 0.2500 'H+' 0.2500 'SO4--' 1.0000 'Fe++' 1.7500 'HS-' -26.5030 -24.6534 -22.7519 -21.2343 -20.0248 -19.3959 -19.2784 -19.7437 119.9790 #1.000 'OxL1-'
'oxidizedSOM' 108.059  4  -1.0000 'H2O'  1.0000 'Ac-'  2.000 'H+' 1.000 'HCO3-' 500.0000 -30.0 500.0000 500.0000 500.0000 500.0000 500.0000 500.0000 162.089  #1.000 'RedL1-' 1.0000 'Ac-' 
'reducedSOM'  108.059  4  -1.0000 'H2O' 1.0000 'Ac-'   2.000 'H+' 1.000 'HCO3-' 500.0000 -20.00 500.0000 500.0000 500.0000 500.0000 500.0000 500.0000 162.089  
#'SOM' 108.059  3  -1.0000 'H2O'   3.0000 'Ac-'   3.000 'H+' 500.0000 -33. 500.0000 500.0000 500.0000 500.0000 500.0000 500.0000 162.089  #-35.24
'SOM' 108.059  3  -1.0000 'H2O'   1.0000 'Ac-'   1.000 'H+' 500.0000 -13. 500.0000 500.0000 500.0000 500.0000 500.0000 500.0000 162.089  #-35.24
'N-SOM' 108.059  1   1.0000 'NH3(aq)'  500.0000 -7.2 500.0000 500.0000 500.0000 500.0000 500.0000 500.0000 162.089  #-35.24
'Ferrihydrite' 23.990 3 -3.0 'H+' 1.0 'Fe+++' 3.0 'H2O' 500. 4.896 500. 500. 500. 500. 500. 500. 106.869 'pcl-allison et al. (1991)'
!'Ferrihydrite' 23.990 3 -3.0 'H+' 1.0 'Fe+++(fh)' 3.0 'H2O' 500. 4.896 500. 500. 500. 500. 500. 500. 106.869 'pcl-allison et al. (1991)'
'Kaolinite' 99.5200 4 -6.0000 'H+' 2.0000 'Al+++' 2.0000 'SiO2(aq)' 5.0000 'H2O' 9.0182 6.8101 3.8468 0.9541 -2.0187 -4.5022 -6.7083 -8.8022 258.1604
'Mackinawite' 20.450 3 -1.0000 'H+' 1.000 'HS-' 1.0000 'Fe++' 500. -3.5000 500. 500. 500. 500. 500. 500. 85.42000 
'Smectite-high-Fe-Mg' 139.0700 10 -8.0000 'H+' 0.0250 'Ca++' 0.1000 'Na+' 0.2000 'Fe+++' 0.2000 'K+' 0.5000 'Fe++' 1.1500 'Mg++' 1.2500 'Al+++' 3.5000 'SiO2(aq)' 5.0000 'H2O' 20.2414 17.4200 13.4522 9.5336 5.5324 2.2500 -0.6029 -3.2762 404.1991
'Smectite-Ca' 132.51 6 -6.12 'H+' 0.145 'Ca++' 0.26 'Mg++' 1.77 'Al+++' 3.97 'SiO2(aq)' 4.06 'H2O' 3.134 0.984 -1.515 -3.809 -6.096 -8.025 -10.025   -12.025 404.1991 'pcl-apps'
'Ferro-Actinolite' 272.9200 5 -14.0000 'H+' 2.0000 'Ca++' 5.0000 'Fe++' 8.0000 'H2O' 8.0000 'SiO2(aq)' 66.9228 61.2367 53.1713 45.2528 37.3013 30.9517 25.6087 20.7268 812.3665 'pcl-6.26.06'
'Quartz' 22.6880 1 1.0000 'SiO2(aq)' -4.6319 -3.9993 -3.4734 -3.0782 -2.7191 -2.4378 -2.2057 -2.0168 60.0843
'Gypsum' 74.6900 3 1.0000 'Ca++' 1.0000 'SO4--' 2.0000 'H2O' -4.5331 -4.4823 -4.6094 -4.9035 -5.4299 -6.1266 -7.0386 -8.3003 172.1722

# source:  Dipankar -  for GEWASC  SOM ksp 
#  Molar volume from density of 1.5 c/cc and mol wt.-34.64 -33.84
'null' 0. 1 0. '0' 0. 0. 0. 0. 0. 0. 0. 0. 0.
'>XA' 2 1.0 '>X' 1.0 'A(aq)' 500. -4. 500. 500. 500. 500. 500. 500. 0.0 0.0 'pcl'
'null' 1 0. '0' 0. 0. 0. 0. 0. 0. 0. 0. 0. 0. 0.
